0	1,31041085332
1	0,458003462702
2	0,349116525811
3	0,327945690014
4	0,319612583018
5	0,314528199014
6	0,310993662359
7	0,308434386732
8	0,306537159794
9	0,30510208385
10	0,303995904327
11	0,303128075152
12	0,302436144516
13	0,301876393507
14	0,301417735609
15	0,301037700712
16	0,300719768648
17	0,300451583531
18	0,30022374684
19	0,300028993246
20	0,299861621313
21	0,299717095199
22	0,299591762103
23	0,299482648782
24	0,29938731272
25	0,299303731501
26	0,299230219278
27	0,299165362716
28	0,299107971155
29	0,299057037317
30	0,29901170596
31	0,29897124859
32	0,298935042892
33	0,29890255585
34	0,298873329816
35	0,298846970936
36	0,298823139496
37	0,298801541836
38	0,298781923553
39	0,298764063771
40	0,298747770304
41	0,298732875551
42	0,298719233028
43	0,298706714405
44	0,298695206998
45	0,298684611624
46	0,298674840773
47	0,298665817044
48	0,29865747181
49	0,298649744071
50	0,298642579473
51	0,298635929463
52	0,298629750561
53	0,298624003738
54	0,298618653875
55	0,298613669294
56	0,298609021358
57	0,298604684121
58	0,298600634021
59	0,298596849618
60	0,298593311364
61	0,2985900014
62	0,298586903379
63	0,298584002315
64	0,298581284443
65	0,298578737103
66	0,29857634863
67	0,298574108265
68	0,298572006066
69	0,298570032842
70	0,29856818008
71	0,298566439889
72	0,298564804948
73	0,298563268456
74	0,298561824093
75	0,298560465979
76	0,298559188639
77	0,298557986972
78	0,298556856224
79	0,298555791959
80	0,298554790038
81	0,298553846595
82	0,298552958019
83	0,298552120935
84	0,298551332186
85	0,298550588821
86	0,298549888077
87	0,298549227368
88	0,298548604274
89	0,298548016527
90	0,298547462003
91	0,298546938711
92	0,298546444785
93	0,298545978476
94	0,298545538144
95	0,298545122251
96	0,298544729352
97	0,298544358095
98	0,298544007207
99	0,298543675497
100	0,298543361844
101	0,298543065198
102	0,298542784571
103	0,298542519036
104	0,298542267722
105	0,29854202981
106	0,298541804532
107	0,298541591165
108	0,29854138903
109	0,298541197488
110	0,29854101594
111	0,298540843821
112	0,2985406806
113	0,298540525778
114	0,298540378885
115	0,298540239479
116	0,298540107145
117	0,298539981491
118	0,29853986215
119	0,298539748773
120	0,298539641036
121	0,29853953863
122	0,298539441265
123	0,29853934867
124	0,298539260586
125	0,298539176772
126	0,298539097001
127	0,298539021055
128	0,298538948733
129	0,298538879844
130	0,298538814207
131	0,298538751651
132	0,298538692017
133	0,298538635153
134	0,298538580916
135	0,298538529171
136	0,29853847979
137	0,298538432654
138	0,298538387648
139	0,298538344665
140	0,298538303604
141	0,298538264368
142	0,298538226868
143	0,298538191017
144	0,298538156734
145	0,298538123943
146	0,29853809257
147	0,298538062548
148	0,298538033812
149	0,298538006299
150	0,298537979951
151	0,298537954713
152	0,298537930533
153	0,298537907362
154	0,298537885152
155	0,298537863858
156	0,298537843438
157	0,298537823853
158	0,298537805064
159	0,298537787035
160	0,298537769731
161	0,298537753121
162	0,298537737173
163	0,298537721857
164	0,298537707147
165	0,298537693014
166	0,298537679435
167	0,298537666385
168	0,29853765384
169	0,29853764178
170	0,298537630184
171	0,298537619032
172	0,298537608304
173	0,298537597984
174	0,298537588055
175	0,298537578499
176	0,298537569301
177	0,298537560448
178	0,298537551923
179	0,298537543715
180	0,298537535811
181	0,298537528197
182	0,298537520863
183	0,298537513796
184	0,298537506988
185	0,298537500426
186	0,298537494102
187	0,298537488007
188	0,29853748213
189	0,298537476464
190	0,298537471001
191	0,298537465733
192	0,298537460652
193	0,298537455751
194	0,298537451023
195	0,298537446462
196	0,298537442062
197	0,298537437816
198	0,298537433718
199	0,298537429763
200	0,298537425946
201	0,298537422262
202	0,298537418705
203	0,298537415272
204	0,298537411957
205	0,298537408756
206	0,298537405665
207	0,29853740268
208	0,298537399797
209	0,298537397013
210	0,298537394324
211	0,298537391726
212	0,298537389217
213	0,298537386792
214	0,29853738445
215	0,298537382187
216	0,298537380001
217	0,298537377888
218	0,298537375846
219	0,298537373873
220	0,298537371966
221	0,298537370123
222	0,298537368342
223	0,29853736662
224	0,298537364956
225	0,298537363348
226	0,298537361792
227	0,298537360289
228	0,298537358836
229	0,298537357431
230	0,298537356072
231	0,298537354759
232	0,298537353488
233	0,29853735226
234	0,298537351073
235	0,298537349925
236	0,298537348814
237	0,29853734774
238	0,298537346702
239	0,298537345698
240	0,298537344726
241	0,298537343787
242	0,298537342878
243	0,298537341999
244	0,298537341149
245	0,298537340327
246	0,298537339532
247	0,298537338763
248	0,298537338019
249	0,298537337299
250	0,298537336603
251	0,298537335929
252	0,298537335278
253	0,298537334647
254	0,298537334037
255	0,298537333447
256	0,298537332877
257	0,298537332324
258	0,29853733179
259	0,298537331273
260	0,298537330773
261	0,298537330289
262	0,298537329821
263	0,298537329368
264	0,29853732893
265	0,298537328506
266	0,298537328096
267	0,298537327699
268	0,298537327315
269	0,298537326943
270	0,298537326583
271	0,298537326235
272	0,298537325899
273	0,298537325573
274	0,298537325257
275	0,298537324952
276	0,298537324657
277	0,298537324371
278	0,298537324095
279	0,298537323827
280	0,298537323568
281	0,298537323318
282	0,298537323075
283	0,29853732284
284	0,298537322613
285	0,298537322394
286	0,298537322181
287	0,298537321975
288	0,298537321776
289	0,298537321583
290	0,298537321396
291	0,298537321216
292	0,298537321041
293	0,298537320872
294	0,298537320708
295	0,29853732055
296	0,298537320397
297	0,298537320248
298	0,298537320105
299	0,298537319966
300	0,298537319831
301	0,298537319701
302	0,298537319575
303	0,298537319453
304	0,298537319335
305	0,298537319221
306	0,298537319111
307	0,298537319004
308	0,2985373189
309	0,2985373188
310	0,298537318703
311	0,298537318609
312	0,298537318518
313	0,29853731843
314	0,298537318345
315	0,298537318263
316	0,298537318183
317	0,298537318106
318	0,298537318031
319	0,298537317959
320	0,298537317889
321	0,298537317821
322	0,298537317756
323	0,298537317692
324	0,298537317631
325	0,298537317572
326	0,298537317514
327	0,298537317458
328	0,298537317405
329	0,298537317352
330	0,298537317302
331	0,298537317253
332	0,298537317206
333	0,29853731716
334	0,298537317116
335	0,298537317073
336	0,298537317031
337	0,298537316991
338	0,298537316952
339	0,298537316915
340	0,298537316878
341	0,298537316843
342	0,298537316809
343	0,298537316776
344	0,298537316744
345	0,298537316713
346	0,298537316683
347	0,298537316654
348	0,298537316626
349	0,298537316599
350	0,298537316573
351	0,298537316547
352	0,298537316522
353	0,298537316499
354	0,298537316476
355	0,298537316453
356	0,298537316432
357	0,298537316411
358	0,29853731639
359	0,298537316371
360	0,298537316352
361	0,298537316334
362	0,298537316316
363	0,298537316299
364	0,298537316282
365	0,298537316266
366	0,29853731625
367	0,298537316235
368	0,29853731622
369	0,298537316206
370	0,298537316193
371	0,298537316179
372	0,298537316167
373	0,298537316154
374	0,298537316142
375	0,298537316131
376	0,298537316119
377	0,298537316108
378	0,298537316098
379	0,298537316088
380	0,298537316078
381	0,298537316068
382	0,298537316059
383	0,29853731605
384	0,298537316041
385	0,298537316033
386	0,298537316025
387	0,298537316017
388	0,298537316009
389	0,298537316002
390	0,298537315995
391	0,298537315988
392	0,298537315981
393	0,298537315975
394	0,298537315968
395	0,298537315962
396	0,298537315956
397	0,298537315951
398	0,298537315945
399	0,29853731594
400	0,298537315935
401	0,29853731593
402	0,298537315925
403	0,29853731592
404	0,298537315916
405	0,298537315911
406	0,298537315907
407	0,298537315903
408	0,298537315899
409	0,298537315895
410	0,298537315892
411	0,298537315888
412	0,298537315885
413	0,298537315881
414	0,298537315878
415	0,298537315875
416	0,298537315872
417	0,298537315869
418	0,298537315866
419	0,298537315863
420	0,29853731586
421	0,298537315858
422	0,298537315855
423	0,298537315853
424	0,298537315851
425	0,298537315848
426	0,298537315846
427	0,298537315844
428	0,298537315842
429	0,29853731584
430	0,298537315838
431	0,298537315836
432	0,298537315834
433	0,298537315832
434	0,298537315831
435	0,298537315829
436	0,298537315828
437	0,298537315826
438	0,298537315824
439	0,298537315823
440	0,298537315822
441	0,29853731582
442	0,298537315819
443	0,298537315818
444	0,298537315816
445	0,298537315815
446	0,298537315814
447	0,298537315813
448	0,298537315812
449	0,298537315811
450	0,29853731581
451	0,298537315809
452	0,298537315808
453	0,298537315807
454	0,298537315806
455	0,298537315805
456	0,298537315804
457	0,298537315804
458	0,298537315803
459	0,298537315802
460	0,298537315801
461	0,298537315801
462	0,2985373158
463	0,298537315799
464	0,298537315799
465	0,298537315798
466	0,298537315798
467	0,298537315797
468	0,298537315796
469	0,298537315796
470	0,298537315795
471	0,298537315795
472	0,298537315794
473	0,298537315794
474	0,298537315793
475	0,298537315793
476	0,298537315792
477	0,298537315792
478	0,298537315792
479	0,298537315791
480	0,298537315791
481	0,298537315791
482	0,29853731579
483	0,29853731579
484	0,298537315789
485	0,298537315789
486	0,298537315789
487	0,298537315789
488	0,298537315788
489	0,298537315788
490	0,298537315788
491	0,298537315787
492	0,298537315787
493	0,298537315787
494	0,298537315787
495	0,298537315786
496	0,298537315786
497	0,298537315786
498	0,298537315786
499	0,298537315786
500	0,298537315785
501	0,298537315785
502	0,298537315785
503	0,298537315785
504	0,298537315785
505	0,298537315785
506	0,298537315784
507	0,298537315784
508	0,298537315784
509	0,298537315784
510	0,298537315784
511	0,298537315784
512	0,298537315783
513	0,298537315783
514	0,298537315783
515	0,298537315783
516	0,298537315783
517	0,298537315783
518	0,298537315783
519	0,298537315783
520	0,298537315783
521	0,298537315782
522	0,298537315782
523	0,298537315782
524	0,298537315782
525	0,298537315782
526	0,298537315782
527	0,298537315782
528	0,298537315782
529	0,298537315782
530	0,298537315782
531	0,298537315782
532	0,298537315782
533	0,298537315781
534	0,298537315781
535	0,298537315781
536	0,298537315781
537	0,298537315781
538	0,298537315781
539	0,298537315781
540	0,298537315781
541	0,298537315781
542	0,298537315781
543	0,298537315781
544	0,298537315781
545	0,298537315781
546	0,298537315781
547	0,298537315781
548	0,298537315781
549	0,298537315781
550	0,298537315781
551	0,298537315781
552	0,298537315781
553	0,29853731578
554	0,29853731578
555	0,29853731578
556	0,29853731578
557	0,29853731578
558	0,29853731578
559	0,29853731578
560	0,29853731578
561	0,29853731578
562	0,29853731578
563	0,29853731578
564	0,29853731578
565	0,29853731578
566	0,29853731578
567	0,29853731578
568	0,29853731578
569	0,29853731578
570	0,29853731578
571	0,29853731578
572	0,29853731578
573	0,29853731578
574	0,29853731578
575	0,29853731578
576	0,29853731578
577	0,29853731578
578	0,29853731578
579	0,29853731578
580	0,29853731578
581	0,29853731578
582	0,29853731578
583	0,29853731578
584	0,29853731578
585	0,29853731578
586	0,29853731578
587	0,29853731578
588	0,29853731578
589	0,29853731578
590	0,29853731578
591	0,29853731578
592	0,29853731578
593	0,29853731578
594	0,29853731578
595	0,29853731578
596	0,29853731578
597	0,29853731578
598	0,29853731578
599	0,29853731578
600	0,29853731578
601	0,29853731578
602	0,29853731578
603	0,29853731578
604	0,29853731578
605	0,29853731578
606	0,29853731578
607	0,29853731578
608	0,29853731578
609	0,29853731578
610	0,29853731578
611	0,29853731578
612	0,29853731578
613	0,29853731578
614	0,29853731578
615	0,29853731578
616	0,29853731578
617	0,29853731578
618	0,29853731578
619	0,29853731578
620	0,29853731578
621	0,29853731578
622	0,29853731578
623	0,29853731578
624	0,29853731578
625	0,29853731578
626	0,29853731578
627	0,29853731578
628	0,29853731578
629	0,29853731578
630	0,29853731578
631	0,29853731578
632	0,29853731578
633	0,29853731578
634	0,29853731578
635	0,29853731578
636	0,29853731578
637	0,29853731578
638	0,29853731578
639	0,298537315779
640	0,298537315779
641	0,298537315779
642	0,298537315779
643	0,298537315779
644	0,298537315779
645	0,298537315779
646	0,298537315779
647	0,298537315779
648	0,298537315779
649	0,298537315779
650	0,298537315779
651	0,298537315779
652	0,298537315779
653	0,298537315779
654	0,298537315779
655	0,298537315779
656	0,298537315779
657	0,298537315779
658	0,298537315779
659	0,298537315779
660	0,298537315779
661	0,298537315779
662	0,298537315779
663	0,298537315779
664	0,298537315779
665	0,298537315779
666	0,298537315779
667	0,298537315779
668	0,298537315779
669	0,298537315779
670	0,298537315779
671	0,298537315779
672	0,298537315779
673	0,298537315779
674	0,298537315779
675	0,298537315779
676	0,298537315779
677	0,298537315779
678	0,298537315779
679	0,298537315779
680	0,298537315779
681	0,298537315779
682	0,298537315779
683	0,298537315779
684	0,298537315779
685	0,298537315779
686	0,298537315779
687	0,298537315779
688	0,298537315779
689	0,298537315779
690	0,298537315779
691	0,298537315779
692	0,298537315779
693	0,298537315779
694	0,298537315779
695	0,298537315779
696	0,298537315779
697	0,298537315779
698	0,298537315779
699	0,298537315779
700	0,298537315779
701	0,298537315779
702	0,298537315779
703	0,298537315779
704	0,298537315779
705	0,298537315779
706	0,298537315779
707	0,298537315779
708	0,298537315779
709	0,298537315779
710	0,298537315779
711	0,298537315779
712	0,298537315779
713	0,298537315779
714	0,298537315779
715	0,298537315779
716	0,298537315779
717	0,298537315779
718	0,298537315779
719	0,298537315779
720	0,298537315779
721	0,298537315779
722	0,298537315779
723	0,298537315779
724	0,298537315779
725	0,298537315779
726	0,298537315779
727	0,298537315779
728	0,298537315779
729	0,298537315779
730	0,298537315779
731	0,298537315779
732	0,298537315779
733	0,298537315779
734	0,298537315779
735	0,298537315779
736	0,298537315779
737	0,298537315779
738	0,298537315779
739	0,298537315779
740	0,298537315779
741	0,298537315779
742	0,298537315779
743	0,298537315779
744	0,298537315779
745	0,298537315779
746	0,298537315779
747	0,298537315779
748	0,298537315779
749	0,298537315779
750	0,298537315779
751	0,298537315779
752	0,298537315779
753	0,298537315779
754	0,298537315779
755	0,298537315779
756	0,298537315779
757	0,298537315779
758	0,298537315779
759	0,298537315779
760	0,298537315779
761	0,298537315779
762	0,298537315779
763	0,298537315779
764	0,298537315779
765	0,298537315779
766	0,298537315779
767	0,298537315779
768	0,298537315779
769	0,298537315779
770	0,298537315779
771	0,298537315779
772	0,298537315779
773	0,298537315779
774	0,298537315779
775	0,298537315779
776	0,298537315779
777	0,298537315779
778	0,298537315779
779	0,298537315779
780	0,298537315779
781	0,298537315779
782	0,298537315779
783	0,298537315779
784	0,298537315779
785	0,298537315779
786	0,298537315779
787	0,298537315779
788	0,298537315779
789	0,298537315779
790	0,298537315779
791	0,298537315779
792	0,298537315779
793	0,298537315779
794	0,298537315779
795	0,298537315779
796	0,298537315779
797	0,298537315779
798	0,298537315779
799	0,298537315779
800	0,298537315779
801	0,298537315779
802	0,298537315779
803	0,298537315779
804	0,298537315779
805	0,298537315779
806	0,298537315779
807	0,298537315779
808	0,298537315779
809	0,298537315779
810	0,298537315779
811	0,298537315779
812	0,298537315779
813	0,298537315779
814	0,298537315779
815	0,298537315779
816	0,298537315779
817	0,298537315779
818	0,298537315779
819	0,298537315779
820	0,298537315779
821	0,298537315779
822	0,298537315779
823	0,298537315779
824	0,298537315779
825	0,298537315779
826	0,298537315779
827	0,298537315779
828	0,298537315779
829	0,298537315779
830	0,298537315779
831	0,298537315779
832	0,298537315779
833	0,298537315779
834	0,298537315779
835	0,298537315779
836	0,298537315779
837	0,298537315779
838	0,298537315779
839	0,298537315779
840	0,298537315779
841	0,298537315779
842	0,298537315779
843	0,298537315779
844	0,298537315779
845	0,298537315779
846	0,298537315779
847	0,298537315779
848	0,298537315779
849	0,298537315779
850	0,298537315779
851	0,298537315779
852	0,298537315779
853	0,298537315779
854	0,298537315779
855	0,298537315779
856	0,298537315779
857	0,298537315779
858	0,298537315779
859	0,298537315779
860	0,298537315779
861	0,298537315779
862	0,298537315779
863	0,298537315779
864	0,298537315779
865	0,298537315779
866	0,298537315779
867	0,298537315779
868	0,298537315779
869	0,298537315779
870	0,298537315779
871	0,298537315779
872	0,298537315779
873	0,298537315779
874	0,298537315779
875	0,298537315779
876	0,298537315779
877	0,298537315779
878	0,298537315779
879	0,298537315779
880	0,298537315779
881	0,298537315779
882	0,298537315779
883	0,298537315779
884	0,298537315779
885	0,298537315779
886	0,298537315779
887	0,298537315779
888	0,298537315779
889	0,298537315779
890	0,298537315779
891	0,298537315779
892	0,298537315779
893	0,298537315779
894	0,298537315779
895	0,298537315779
896	0,298537315779
897	0,298537315779
898	0,298537315779
899	0,298537315779
900	0,298537315779
901	0,298537315779
902	0,298537315779
903	0,298537315779
904	0,298537315779
905	0,298537315779
906	0,298537315779
907	0,298537315779
908	0,298537315779
909	0,298537315779
910	0,298537315779
911	0,298537315779
912	0,298537315779
913	0,298537315779
914	0,298537315779
915	0,298537315779
916	0,298537315779
917	0,298537315779
918	0,298537315779
919	0,298537315779
920	0,298537315779
921	0,298537315779
922	0,298537315779
923	0,298537315779
924	0,298537315779
925	0,298537315779
926	0,298537315779
927	0,298537315779
928	0,298537315779
929	0,298537315779
930	0,298537315779
931	0,298537315779
932	0,298537315779
933	0,298537315779
934	0,298537315779
935	0,298537315779
936	0,298537315779
937	0,298537315779
938	0,298537315779
939	0,298537315779
940	0,298537315779
941	0,298537315779
942	0,298537315779
943	0,298537315779
944	0,298537315779
945	0,298537315779
946	0,298537315779
947	0,298537315779
948	0,298537315779
949	0,298537315779
950	0,298537315779
951	0,298537315779
952	0,298537315779
953	0,298537315779
954	0,298537315779
955	0,298537315779
956	0,298537315779
957	0,298537315779
958	0,298537315779
959	0,298537315779
960	0,298537315779
961	0,298537315779
962	0,298537315779
963	0,298537315779
964	0,298537315779
965	0,298537315779
966	0,298537315779
967	0,298537315779
968	0,298537315779
969	0,298537315779
970	0,298537315779
971	0,298537315779
972	0,298537315779
973	0,298537315779
974	0,298537315779
975	0,298537315779
976	0,298537315779
977	0,298537315779
978	0,298537315779
979	0,298537315779
980	0,298537315779
981	0,298537315779
982	0,298537315779
983	0,298537315779
984	0,298537315779
985	0,298537315779
986	0,298537315779
987	0,298537315779
988	0,298537315779
989	0,298537315779
990	0,298537315779
991	0,298537315779
992	0,298537315779
993	0,298537315779
994	0,298537315779
995	0,298537315779
996	0,298537315779
997	0,298537315779
998	0,298537315779
999	0,298537315779
